1 10 20378 9336 9326 9551 8814 8830 19797 19798 19795 8824 
1 17 9551 9533 8388 8446 10208 8443 9554 9895 19804 9901 9888 9899 9881 9867 8403 8405 8406 
1 8 8406 8416 8395 8408 8419 8394 20379 20378 
1 8 19804 19803 19805 19808 19807 8390 8418 8395 
1 11 9901 9898 9890 9873 9892 9366 9394 9423 9389 9390 8337 
1 8 8337 8347 9501 9491 9505 9837 9827 8580 
1 22 9827 9842 9834 9844 9831 9848 9839 9838 9305 9311 9320 9315 9310 9319 9706 9715 9695 9699 9701 8401 8412 8405 
1 14 9390 9479 9419 8351 8331 8349 9693 9692 9723 9700 9696 9719 9889 8403 
1 7 9699 9714 19813 19814 9718 9697 9723 
1 14 9423 9469 9425 9396 9476 9373 9884 9540 9561 9549 10202 9539 9870 9895 
1 6 10208 10203 9537 9529 8440 9870 
1 5 9533 8396 8417 8398 8418 
1 6 9940 19799 19801 19802 9943 9948 
1 7 9940 9348 19800 9351 20382 9343 9349 
1 13 9349 9327 9328 8410 8402 8413 9340 9345 9342 9323 9337 9363 9940 
1 28 9349 9353 9364 9331 9338 9330 8818 8807 8831 10210 8808 8809 10058 8819 8826 8810 10044 10055 10050 10047 10048 10059 10057 9942 9947 9944 9939 9948 
1 16 9939 9945 9357 19757 9350 9333 9362 9347 9352 9335 9359 19785 9334 9355 8820 8818 
1 6 8820 8815 10056 10046 10054 10048 
1 10 10210 8823 8811 8659 19796 19793 19794 8656 8669 8664 
1 8 8810 8812 8817 8813 8822 8661 8651 8664 
1 11 8669 8657 8660 8653 8666 9965 19792 19789 19790 9982 9981 
1 8 9981 9962 9969 8670 8662 8654 8671 8657 
1 21 9982 9959 9958 9951 10287 10288 10289 10290 10300 9426 10204 8380 9556 9558 9961 9538 9560 9528 9550 9563 9537 
1 2 9561 9560 
1 6 9537 9562 9542 10201 9547 8824 
1 10 9562 9530 9546 9531 9978 9967 9979 9976 9970 10287 
1 5 8653 8668 9531 9536 9528 
1 15 9958 10292 8428 8429 9989 9995 9983 9994 9992 9986 9993 9984 9991 9975 9959 
1 4 9995 9985 9988 10292 
1 7 8347 8332 8353 8338 8352 9841 9831 
1 4 9899 9865 9880 9898 
